1 0
1 1
2 2
2 3
1 4
2 5
0 6
2 7
2 8
1 9
0 10
2 11
0 12
2 13
0 14
2 15
1 16
1 17
1 18
1 19
0 20
1 21
0 22
2 23
1 24
0 25
0 26
0 27
2 28
1 29
1 30
2 31
2 32
1 33
2 34
0 35
1 36
1 37
0 38
0 39
1 40
2 41
1 42
0 43
2 44
2 45
2 46
1 47
0 48
1 49
2 50
2 51
1 52
1 53
1 54
2 55
0 56
2 57
0 58
1 59
1 60
1 61
0 62
2 63
2 64
1 65
0 66
0 67
0 68
1 69
1 70
1 71
1 72
1 73
0 74
1 75
2 76
0 77
2 78
2 79
0 80
1 81
0 82
1 83
2 84
2 85
0 86
2 87
0 88
0 89
0 90
2 91
2 92
1 93
0 94
2 95
1 96
0 97
2 98
0 99
0 100
0 101
2 102
2 103
2 104
2 105
1 106
0 107
0 108
0 109
2 110
2 111
2 112
0 113
0 114
2 115
1 116
1 117
2 118
2 119
0 120
1 121
0 122
1 123
1 124
0 125
2 126
1 127
1 128
0 129
1 130
1 131
1 132
1 133
1 134
0 135
0 136
1 137
0 138
2 139
2 140
0 141
2 142
0 143
1 144
2 145
2 146
1 147
2 148
1 149