1 113
2 42
1 72
0 126
2 77
0 85
0 98
0 71
1 17
1 84
0 17
0 5
1 117
0 86
2 7
1 18
2 51
2 65
1 13
0 101
1 48
1 72
2 97
2 75
0 53
2 1
1 56
1 34
0 52
0 103
1 74
0 72
2 69
0 48
0 21
1 101
1 77
0 118
2 104
2 5
0 126
0 37
2 115
0 100
0 122
0 67
2 98
0 46
1 97
2 24
0 97
2 52
2 30
1 125
0 80
2 55
2 15
0 58
1 15
2 44
0 85
0 72
1 80
2 50
1 50
1 53
1 76
1 93
0 8
0 61
2 31
2 97
1 14
2 23
2 14
2 98
0 87
0 71
1 88
1 14
0 34
2 98
0 6
0 68
1 54
2 2
1 18
1 102
2 7
1 83
1 81
2 83
2 81
1 101
1 52
2 0
1 75
0 110
1 107
0 24
0 79
2 124
0 55
1 65
2 37
0 51
2 58
2 3
0 33
1 49
1 12
2 88
0 127
1 51
0 109
1 80
2 72
2 45
1 47
1 113
2 95
0 114
0 30
2 68
0 27
0 22
0 29
0 1
0 51
0 126
2 39
2 68
1 87
1 100
0 57
0 21
2 112
2 21
0 104
2 30
1 100
1 45
2 93
1 89
2 19
0 9
0 11
2 31
2 74
0 104